3.0780056376751256E-7
3.8767047749910703E-7
4.0500074179935873E-7
1.2978023770548339E-6
3.5679577545836187E-7
3.047630582040174E-7
6.99301280840226E-7
4.617008456512689E-7
3.623876202709044E-7
3.2508059541761857E-7
3.402006231114613E-7
6.64937581536038E-7
3.2508059541761857E-7
1.1056520251122492E-6
5.051463797715637E-7
5.670010385191022E-7
6.730055805031081E-7
3.195824035289485E-7
2.4570045002494425E-7
3.402006231114613E-7
6.463811839117764E-7
5.721555934147304E-7
4.617008456512689E-7
8.694015923959566E-7
3.0780056376751256E-7
7.731832343442303E-7
2.927307687238155E-7
2.948405400299331E-7
3.180136259520182E-7
5.022009198312047E-7
