0.15079365079365079
0.18992248062015502
0.19841269841269843
0.6358024691358025
0.17479674796747968
0.14930555555555555
0.3425925925925926
0.2261904761904762
0.17753623188405795
0.15925925925925927
0.16666666666666669
0.32575757575757575
0.15925925925925927
0.5416666666666666
0.24747474747474746
0.2777777777777778
0.3297101449275362
0.15656565656565657
0.12037037037037036
0.16666666666666669
0.31666666666666665
0.28030303030303033
0.2261904761904762
0.42592592592592593
0.15079365079365079
0.37878787878787884
0.1434108527131783
0.14444444444444443
0.15579710144927536
0.24603174603174605
