YearMonth: 2008-08
0.019064125223346478  0.023048374420030864  0.024174450163084154  0.018305828117296058  0.020292162667812818  0.025024466190309406  0.022257427021311546  0.034493846158937795  0.02773464404978744  0.03619659650004637  0.024968337970532564  0.022945114105759296  0.02196397036851704  0.023267731667550716  0.022882294681255612  0.020646739986263644  0.03528901080691133  0.03335847473538343  0.029450151337141902  0.02153766980060658  0.01959508604819269  0.029173909116898752  0.02228357280096391  0.02946659662325546  0.020981234061624037  0.03688628875806184  0.028059380247866538  0.02519914803206039  0.0203712639086594  0.025436262119625803  0.01925939773684248  0.020995664172732097  0.021173672628562703  0.017897744325313696  0.023492118481936157  0.022820021412315927  0.023761974173428183  0.025379015754999467  0.01904863642219701  0.04181759720257388  

YearMonth: 2008-09
0.018930321620779487  0.023693132888362476  0.02749425660909118  0.02131426229050877  0.02355583614223974  0.02512727820501902  0.022373497288874254  0.03279863531322842  0.024840356926750604  0.034283635360319344  0.023270013531564153  0.0258616054804937  0.023141095538458986  0.02399234940029783  0.024698738727751853  0.02287150462824353  0.03038362830903095  0.028079770554840386  0.027220118553540826  0.0234095888946725  0.020115132492525514  0.028656496505898153  0.022642925545250814  0.02503014406229985  0.022426914302711917  0.03499365734839969  0.029339486317783908  0.02640718121356139  0.019010609337582415  0.02381961338997227  0.02076885945427345  0.022110238238681624  0.022689882305685895  0.021913471825784653  0.024487608936900673  0.02402939971979937  0.023863172362865066  0.025506104795229866  0.020512539893651212  0.03433693568716892  

YearMonth: 2008-10
0.020080229191127754  0.02451933369281209  0.025061469032362206  0.021555484646900942  0.0232509334944698  0.024404830241149554  0.024112032938435966  0.029612238635675754  0.024953710687081444  0.0354067027606017  0.024191640026783708  0.025901494821606398  0.022243728359284627  0.02598335813227206  0.0265496809307323  0.02365692303775363  0.028329924799412314  0.025147215355676718  0.027337128497350198  0.023326610620226264  0.020745970483692887  0.02558023032925193  0.020896626209353647  0.026609612411382662  0.02375747330461375  0.034181611794616346  0.027306473615225348  0.027265636958667402  0.020614936191406825  0.02599819874798782  0.021884123363136294  0.021501572571022913  0.02371945866556713  0.021314128970260884  0.024533497191279258  0.026600085229042315  0.024074936365212463  0.023858526485103143  0.020877384143392012  0.033054847068139236  

YearMonth: 2008-11
0.01981692681492144  0.02502856534227244  0.024998170430491632  0.02145780289168539  0.023452094103091806  0.024676568525571246  0.025522356416471863  0.0280243282351102  0.02457715885276061  0.0332628836281295  0.025120636613712468  0.026427023599093616  0.023228471146624612  0.027375277184288956  0.026729248381894465  0.02302132437708937  0.027526618223806712  0.02333706553678389  0.02701683606252801  0.023472822232026458  0.02220257002686109  0.024893106712567756  0.02105614243377711  0.027908433737245598  0.02390378880818679  0.029888803347224956  0.026817033334017523  0.02844284299700345  0.022026890177500893  0.026671177635646255  0.022008354576606878  0.02119447859141401  0.024528755577278495  0.021369470426378087  0.025832559520150025  0.029455388124747406  0.023989228146534244  0.022653263782428403  0.02094430955548913  0.030141223890616284  

YearMonth: 2008-12
0.019311897192490355  0.023866889237075122  0.023233972854047397  0.021323840892038103  0.023667963112726113  0.025568767809443876  0.025145684825500707  0.028417304458487377  0.02409148186066491  0.033762280186853226  0.024733862026401435  0.025797323839528603  0.023019017083246968  0.026424755594477524  0.02837436063087329  0.023046997673399502  0.028367390888975313  0.02290345535783759  0.02663851628753481  0.024421075453941326  0.022724480458304594  0.024048546784572203  0.022173319536919422  0.028602206185344137  0.024200422993616955  0.030442495305520807  0.026685658293001138  0.029516068532328694  0.0232139263368918  0.027185090318755965  0.022930778424051296  0.020023850451455296  0.023914695250451895  0.020379537090610744  0.025549392654181498  0.028702781439793556  0.02235952166066683  0.023167410122182684  0.021003567648073283  0.031059413247757024  

YearMonth: 2009-01
0.01923447902026002  0.023926178218162335  0.02344150773804344  0.02149677180191598  0.02359960795145516  0.02528931063057484  0.025911601286924206  0.02887722742607416  0.024030022060957893  0.0346716315649932  0.023865048965614272  0.02720298434831756  0.022128045502749206  0.02580848885567361  0.027451732510406186  0.022599389198908464  0.027694546510119  0.023452058194322004  0.026796984370945524  0.024330480207879653  0.02209829695457152  0.024654937821655325  0.02210232350206146  0.028271953144830924  0.023831478596326165  0.03034804933781098  0.026799349319934728  0.029597198295969532  0.022823434192646836  0.02715703429034405  0.023841709583716446  0.020361133965062787  0.02338518700197525  0.02074362749105999  0.025973205308595492  0.027696334468589916  0.022939674959436326  0.022689016929345364  0.02078518661724595  0.03209277185459385  

YearMonth: 2009-02
0.019574841148272158  0.023996566679737985  0.02420516574820857  0.02177307174362548  0.02463722778080255  0.02459698457488293  0.025493612712813748  0.028088416933104998  0.023034789229572496  0.03357856672002424  0.023895417829912148  0.026762671764187167  0.022209472467952678  0.025895485273758435  0.028768941476041317  0.023351056258815388  0.027176203390087108  0.021932768711489754  0.024767853357845832  0.024467097999218472  0.02431527435946185  0.02431709863033865  0.022021195008406137  0.027964418153936556  0.025072746662410432  0.028261352991877473  0.02685050993751202  0.0289982186549487  0.022956769224615616  0.027573164870606678  0.023903142659907253  0.020404492852670576  0.023903815002888497  0.02012082497342175  0.02761782568496048  0.029827508116108483  0.02273067878107728  0.022281079093472298  0.02141306888738364  0.03126060365372774  

YearMonth: 2009-03
0.01975478195152798  0.025118440323746282  0.02447994490250832  0.023061800351090716  0.0249739233841005  0.024192194857690322  0.026875727013596796  0.0265465570897051  0.02325830845521317  0.03219490984208758  0.024174542654849574  0.02727996357896044  0.02327341843275069  0.02725908539389332  0.028213912970840388  0.023612392941720114  0.026323267450604596  0.02227583336064675  0.025885365936749675  0.02400535491282426  0.023993190250546442  0.02258217047362659  0.02233278109291921  0.02827008185900265  0.025428575332763232  0.026081625649616476  0.02574445147198052  0.030213974665782878  0.024445044556548202  0.02746382007868887  0.02460699804138051  0.020697111757977026  0.026059428436150243  0.020214265112504366  0.026726743904862005  0.03033451554486076  0.023111616772515404  0.02054266500624124  0.021785401803006813  0.026605812384009272  

YearMonth: 2009-04
0.020016678628426068  0.024705869736054962  0.0244092584711401  0.02248460343194043  0.024976942811410087  0.02501671965359248  0.0268632752517012  0.026737576972955937  0.023880633386402075  0.03164343028835897  0.02391334455350653  0.02642430970003912  0.02387660923036209  0.02639589773804112  0.029560988170102408  0.024090229319332464  0.02636951825191055  0.021541573609425532  0.025470679019751585  0.023765691081504448  0.024251799112981177  0.022737819836816345  0.02213179297235776  0.028121280350530485  0.024966471347396824  0.02573687085356264  0.02507202270685298  0.03037052838045388  0.024849761651945062  0.027496427270722292  0.024902277562102657  0.020898129427064985  0.025353304445448446  0.020597493561048633  0.027136034254153195  0.03016014046900277  0.022900459418151484  0.02036704714608039  0.021793142286859947  0.028013367640603064  

YearMonth: 2009-05
0.019941049324567604  0.024886555665931093  0.02501261424322399  0.021500016290219044  0.024124860282054076  0.024336996883964124  0.02647373142644208  0.026230872431317602  0.02366928952783411  0.029622330520513607  0.023701345946416104  0.026099942915976955  0.02320033333089352  0.027305858486727935  0.030079638715258938  0.024491820091387607  0.026270232013742054  0.023047040185153175  0.02526733500640589  0.024343328370640228  0.025843025162758368  0.022713475097511062  0.0229063542288594  0.028383167380336662  0.025691118964630753  0.02471043661656167  0.025072815904767544  0.02823109832957333  0.025354203507258595  0.027356815529403174  0.024068620311622806  0.020821835423159726  0.02584547624329308  0.021021761433818228  0.02891847651733361  0.032051865411413284  0.022798757493112474  0.02062074932575082  0.021835105413565255  0.02614965004671087  

YearMonth: 2009-06
0.02057310883857734  0.02590400266384189  0.02425667733770089  0.02124138187343166  0.024773804966406663  0.024145676740088357  0.02639777973876835  0.02567446763980565  0.023286706562866723  0.029642284797620422  0.024145157046866636  0.026972043258739198  0.022837247699191723  0.0276367191227803  0.030294358888148593  0.024362162558929572  0.026188149363871566  0.021366626256429475  0.02481243510046282  0.023812050637952626  0.02586760858522351  0.021473346207062545  0.02374482070910145  0.028246262463432585  0.0270816550633444  0.024040098202403493  0.024736507802134152  0.029420094260569313  0.02523322838403098  0.02826923980472927  0.023834173162541605  0.020340360146858534  0.026229549336503455  0.021720690140722112  0.029957319200229034  0.03184870901464319  0.022276043781061187  0.020222680004117255  0.021795072468592587  0.025339700170303528  

YearMonth: 2009-07
0.019962510931101785  0.02535431055375748  0.02386049895782907  0.02142814461596214  0.023877071189986814  0.023239153254966335  0.026824502387557046  0.025137086048768357  0.023662656545939482  0.029058516247200482  0.023824476355927333  0.02713138304993761  0.02239008484877304  0.027418657353003247  0.030374173976433137  0.024848074325890625  0.025771582973684752  0.02181484603136207  0.025118578873322337  0.023580986712951956  0.02684942439150675  0.020736007364734587  0.02398761509658029  0.02904893385335521  0.02719652061853747  0.02386743415969457  0.02452071895057586  0.029178766068377816  0.025246298488523066  0.028070704712261745  0.024571187052257748  0.021103722855998677  0.025426470276604954  0.021499103396767742  0.030761974809925093  0.03260791195418457  0.02264988962299317  0.020852784909806125  0.021985694193081662  0.02516154198993325  

YearMonth: 2009-08
0.02011337637391163  0.026183310289770015  0.023873443560506392  0.02228557353222366  0.024585391494615066  0.022811545016845618  0.02669001527990384  0.024292171075952825  0.02297433462310556  0.028741746564582307  0.023811128350029565  0.02679749404739941  0.022907080270579493  0.02824986049404652  0.03050283094897057  0.02475009866112911  0.025525193733308724  0.0219234510771835  0.024374344572065616  0.02318154400736806  0.028145472289542988  0.02080057757874286  0.024234124606959933  0.02943157692132245  0.028566668080283318  0.022694624417070392  0.023692599756634552  0.02841202988057309  0.026167912933374397  0.02876541925036262  0.024102908846084056  0.021050471045810943  0.025421008202716398  0.020835431197392253  0.03177888074981556  0.03282443666685785  0.022035077854315056  0.020015905238425703  0.02227027816864337  0.02418066234165706  

