4.038441828040664
2.883844689007399
3.868572143790413
5.024880897512892
2.7340345752927284
1.6385481187542037
1.5293115775039239
4.597165989518837
2.9380862819040896
1.1728554955293249
2.476028268339686
2.025841310459743
1.6385481187542037
3.5441188938979815
1.3108384950033631
1.1784305662151446
1.8351738930047081
5.598372739076863
1.2214631430713156
1.3780609819266125
3.825265062691632
1.2512549270486646
1.6385481187542037
3.3664715894404553
5.898773227515134
1.0886624789010984
1.632589761958734
2.3367120997886035
1.6057771563791199
2.378929120561659
1.9905325294495513
1.0923654125028026
1.8807682754396076
3.1787833503831555
1.8532544239702722
2.979178397734916
1.1142127207528587
1.9305076017322256
2.392280253381138
3.9325154850100894