YearMonth:  2014-01
0.022906530098912747  0.023696412870088356  0.024833837866799463  0.027886616772798065  0.022525561032244335  0.023740132897047402  0.021397623977041053  0.02356828499678599  0.029862742971195896  0.028586205863404553  0.02343725352945861  0.02501920721809144  0.022001236890940856  0.019133167311524223  0.028447770636514005  0.026981547377841465  0.026528744341264447  0.02313794663929021  0.019337865213829707  0.02356608341202615  0.02539036333219423  0.023633586064649208  0.02794507334344133  0.02739942011187082  0.024081907063654966  0.030347351489319604  0.024800584323647536  0.03137903844791989  0.02435457755987747  0.02632807541927809  0.025196196061921045  0.021408245255230347  0.02372983321857408  0.029535797734595057  0.026942371398889758  0.019690704539817597  0.02274798594975511  0.031166370464687412  0.025438065457307507  0.02188968084611491  

YearMonth:  2014-02
0.022656775177839057  0.02402414873003629  0.02476432234894071  0.0272804285510543  0.022563335836514303  0.024888221902324856  0.02210771912064592  0.023321186240807895  0.030056943252355837  0.027850140749059307  0.023809032071564165  0.02456133577518012  0.02234943762845657  0.018811361085736153  0.02881506598855947  0.027324749550613994  0.026314205429155493  0.022930313517051507  0.019409034498775898  0.023333753312213042  0.025124740064403933  0.02342875652684729  0.027670060550956797  0.028474537017738673  0.02391156591970206  0.030829311438454743  0.024112751001736547  0.030771028129296978  0.024358778009331145  0.02667364569292344  0.025250477755495885  0.02157355164306833  0.023648944517128647  0.0292748871153783  0.027685147986297513  0.020008583390548913  0.022155561847360974  0.03046821621954958  0.025649984278529186  0.02175796012819855  

YearMonth:  2014-03
0.022618116353760265  0.024368024266296417  0.024680004655231864  0.026952331247111994  0.022077297962114863  0.024540421184398052  0.022446456971851596  0.023873570251469887  0.03000802937736059  0.027905176899167758  0.024029234313347962  0.024702020520371598  0.022543992947188965  0.018889010878762255  0.028860916810165532  0.02735490624950638  0.025995554610294975  0.022651935945975164  0.019323654016326918  0.023462327628868036  0.025083579309854487  0.023626347752487918  0.027822942342681498  0.028487341308403108  0.02395916578988614  0.03115791187388483  0.02437475137380016  0.03047876658100787  0.024475735037751325  0.027000885768666973  0.025002077481799397  0.021571981202690105  0.02344011706580649  0.02926650856651341  0.027306131420371346  0.020100462070438665  0.022246152818384404  0.03019977734760212  0.025576705989839722  0.021539675808435448  

YearMonth:  2014-04
0.0226941618936109  0.02415517120205851  0.02462594030150325  0.026833961494133456  0.022386146524864405  0.024166601705600345  0.022314340819684073  0.023231170945187347  0.02984970683590286  0.027813572407728564  0.023834320123146593  0.024631317960097283  0.02232844441210358  0.019009197158402612  0.028690535334484377  0.02731693207673835  0.025919102082460798  0.022793789579319594  0.0194372655998324  0.023511389523784204  0.02543855073521639  0.02316101776077097  0.028176049873217146  0.02861044556675934  0.024174834590350018  0.03107980982028351  0.024088736597191122  0.030802552368101657  0.02450955915617168  0.027311591416764713  0.025406161575654538  0.02166944719856034  0.023671207797944366  0.029227317429847233  0.027996293966919397  0.020245004049137812  0.022026298308285713  0.029802027271976533  0.025542234400657785  0.02151779213538942  

YearMonth:  2014-05
0.02314895898702167  0.024140964164129784  0.024901857025139685  0.027101497902733074  0.022557265480711353  0.02287089248834471  0.022370284635606228  0.02346623386667115  0.029340931506944546  0.027640030658430997  0.023706084354551352  0.024827777485201572  0.021339274230670627  0.01916686967689019  0.02819928701330652  0.026666988710104842  0.02651918084340454  0.02308019767289108  0.019397078587442856  0.024024911860250985  0.025525582723158417  0.0234057711891009  0.027799284078805123  0.027619505551432364  0.023950889692055163  0.030842554199217862  0.024277120438301672  0.03092703623442685  0.0246834751998625  0.027206921238018354  0.02541950571986374  0.02146299728350841  0.024460874024807122  0.029418868678667838  0.02828120886041129  0.019997376276975364  0.02239329569229512  0.030321412099179323  0.025812030096878182  0.02172772357240635  

YearMonth:  2014-06
0.02331593271300433  0.02344828842638251  0.024853885853570224  0.026831916833923344  0.02275849126141558  0.02295770360771259  0.02194528202070707  0.024258034008622864  0.029481640203706323  0.027050152201995192  0.023871871531255317  0.02543084223777725  0.0210009698899424  0.019405386868563322  0.02852341001272381  0.026896119328676943  0.02582558423294074  0.023457542715075993  0.019464361348843946  0.023311391775050577  0.027367009533645858  0.022939426535554065  0.027484677678253414  0.027386869377416318  0.023720944583624008  0.030762102824423772  0.024793918620134428  0.030781806924220792  0.024817373489747593  0.027287571937145587  0.025268707798533296  0.02169039794182  0.024676060931696775  0.02916942237626963  0.028546616329535097  0.01941563982761881  0.02281700741667589  0.029837810944335415  0.025364909410835107  0.021782918446399253  

YearMonth:  2014-07
0.02345406170782342  0.02352972610333235  0.02503417692541499  0.02658662002733512  0.022625767496805574  0.022437984930687646  0.021980817292020095  0.024497543650395033  0.0294330623886116  0.027215530139823904  0.023910642306972863  0.02580872546778894  0.02080629739802375  0.01937333519710493  0.028766753806239723  0.02660195534923265  0.02633507455942681  0.02325264644840392  0.019227046035672535  0.023547379004744986  0.025858484441451255  0.023785763968966544  0.027780194192263463  0.02721977774343602  0.02343199440395041  0.030752213717546252  0.02495522709335014  0.03099114536225506  0.024845387270931225  0.02703442197723764  0.025251689705791405  0.021703471072928  0.02501099444016686  0.029236051382628647  0.02837801831956808  0.01924393981150363  0.0229948639993996  0.030021349974213286  0.025396584312152193  0.02168328057421929  

YearMonth:  2014-08
0.023398247415024602  0.023056455410477027  0.024852184474599585  0.026612116662610055  0.02273322442453727  0.02277110621479816  0.02128865025466755  0.024060290093813056  0.02945927469620962  0.0275848717316993  0.023533815992206327  0.02543393487760778  0.021076670890136758  0.019122404298162508  0.028705127123531644  0.026528843760010513  0.02625686509169477  0.02360532520471832  0.019140396013979332  0.023884483860507642  0.0259810596804096  0.02350063442457491  0.02789977174885082  0.02748973422968377  0.023469215138606402  0.030455195774738285  0.025097660456750878  0.031097191970529924  0.024731762173744364  0.026974234859198316  0.024960314489758266  0.022007321626329193  0.02503631977457489  0.029806186188259542  0.02846704982833216  0.019409032933121368  0.022933290139081977  0.030146283621122864  0.02561728978799886  0.021816162663122585  

YearMonth:  2014-09
0.02331626088324291  0.022931413221136458  0.025258727599803465  0.026176407158271905  0.022284035571774424  0.02439783326593082  0.02142675003824638  0.025854691206091844  0.028827154098360907  0.027060238780521467  0.02369536323323513  0.025388242773073035  0.02121009473296765  0.01950353788373501  0.02875928452033994  0.027102067028754735  0.026100309247875188  0.023463138736676624  0.019089811540783805  0.02356278791650775  0.02616777751387943  0.024061584218357322  0.02703111364275241  0.027820328428206184  0.023631492556759743  0.03058283902294378  0.02516987888463635  0.029858727136814606  0.02486407145027336  0.02729360999195813  0.024774769800202455  0.021635966382322246  0.02445198967103345  0.02960877575646561  0.028394249379819252  0.01961510406254246  0.02330237933265374  0.029481553249303852  0.025015756308833573  0.021829883772677878  

YearMonth:  2014-10
0.023270190620727497  0.02288585997799394  0.024240109813903853  0.026272990936569394  0.022225877037221363  0.025202654273393767  0.022132356407895282  0.024573398176074127  0.029235262007106855  0.0264010184722465  0.024057177359533447  0.025261173731105712  0.021883291523618197  0.019041610464532104  0.028916630158314336  0.027460385408559537  0.025815385476713977  0.02321206308568241  0.01892795082395322  0.0234671355070604  0.02668009523859077  0.02383798836769565  0.0265213977630497  0.02878955836075158  0.023542053747250637  0.03149848703081086  0.025072612511930745  0.029107336193127203  0.025235291401917763  0.027220146962821073  0.02424573949491666  0.02167428971895116  0.024246101284811163  0.029658763353530328  0.0280372096373543  0.020065135401730518  0.02305151937598702  0.029873082712304468  0.025438143788770334  0.021722526391291175  

YearMonth:  2014-11
0.023022320662489805  0.02340559297197102  0.024773812502638208  0.025915171769107202  0.022131149799292753  0.0252420525630876  0.02286465087445747  0.024566045900975535  0.029106083798103217  0.026553130260264984  0.024176059631003954  0.0253731405159306  0.021812803882857473  0.01914593123771113  0.028824215659118024  0.027358492373389574  0.02534559828780285  0.023357809844139377  0.019377846041194215  0.02334215289572683  0.02647079936485778  0.023510380611341846  0.02723561925847189  0.02951722585264932  0.023340709315274114  0.031143509388280966  0.025015726879639762  0.02868995952762332  0.024850145702200076  0.027513983274017325  0.02444714380768241  0.021749523974984624  0.02425844817692834  0.029521809471147818  0.028363155928546945  0.020262549022577625  0.02229962559898309  0.029344690646244658  0.02512423654245868  0.021646696184595995  

YearMonth:  2014-12
0.023071926951407827  0.02353945108585005  0.024706328826335187  0.025998932629759275  0.02223781869853722  0.024112861221945614  0.02222560592569039  0.02433156491332197  0.02959404792424088  0.026165853308920243  0.024081330942141172  0.0257728466801874  0.02182214234453232  0.019197193371340977  0.028738243910350007  0.0272907013731572  0.025645667696516883  0.023779084152352845  0.01887535997029542  0.023496206066339117  0.026954658248967884  0.023822507207284207  0.027276492017345826  0.028621013791503565  0.02337974887035574  0.0306531286265522  0.025052033231904993  0.028948278414715277  0.0251512867994357  0.02778299677376804  0.02471002105169914  0.02172443393894376  0.024640157925425808  0.029703457377060385  0.028002408381811734  0.019966769603553005  0.02241966339119858  0.02955591050313575  0.025412921964986925  0.021538943886887606  

YearMonth:  2015-01
0.02409668796493537  0.0238524299714139  0.025210317418251343  0.026332855925875462  0.022435755471143622  0.023544567682498786  0.022138072922037663  0.02482968916820734  0.02860673506625379  0.027590959038268133  0.024322052853364414  0.0259320922400479  0.02093260792884226  0.019701479061326126  0.027753595412262758  0.026482226571853843  0.025942120773164976  0.024747816309990837  0.019602192970551824  0.0229263498274057  0.026082145855276434  0.023711615180323765  0.027021670293204736  0.02726452466426597  0.023829669348228458  0.031043411051163244  0.025495118856802366  0.028219642513128668  0.02526690060417972  0.02739615163450072  0.024888069431178314  0.02176337291895122  0.024797517558618715  0.029534308378383986  0.028144357415080788  0.02017638025298281  0.022815364288519116  0.028727100520944578  0.024952996729785584  0.02188907792662069  

YearMonth:  2015-02
0.02409365799947632  0.02349634777508616  0.02500827761665032  0.026140374000739985  0.022030016780302558  0.02427473365510076  0.02286319000714562  0.024388079610472357  0.028518906239140954  0.02728035449742068  0.024492312256306045  0.02550177633596157  0.020838390005072118  0.019443827669038155  0.027825832817242314  0.026404693328189077  0.025657638958466462  0.02480838752048813  0.019759756640950952  0.023290442649797044  0.025666475672546093  0.023462813683241095  0.02705753037362971  0.028387365149434695  0.02383390966209064  0.031588046457401826  0.025605117953087807  0.028062898267576613  0.024961716225368056  0.027479757743768395  0.024641859967200416  0.02167828359022168  0.025105868924018483  0.029228820616650407  0.02815344724677992  0.020465508904445148  0.022800839776936258  0.028697250124252106  0.02519108530586723  0.021814407992248267  

YearMonth:  2015-03
0.02403543030220575  0.02390400699716935  0.024533318675728055  0.026071107897272256  0.0220093307494118  0.024183967156812126  0.02345777816998459  0.024650791742887774  0.028706458516817315  0.026807736502305453  0.024876136222346325  0.025472158306914523  0.020919717017403413  0.019809676801464088  0.028140036063658693  0.026248991793990126  0.025279979088880904  0.024709068245537938  0.019964364936972363  0.0231221888790247  0.025335625864174077  0.023456219952786135  0.027596550388980227  0.02853314824823094  0.02385071205319406  0.03150887570189739  0.02510717375349375  0.027850132053876653  0.02515186990105984  0.027831488203267855  0.024624660543906055  0.021778018338614414  0.024663297858551404  0.02915445213587396  0.028498907663267688  0.02069652238544317  0.022535450443024248  0.028245651854558126  0.02476947494043189  0.02190952364846285  

YearMonth:  2015-04
0.02414735166545265  0.02371388684722493  0.02491118564270361  0.026061479730511677  0.022165129393250466  0.023918814286738907  0.023850324946528063  0.02501143201852731  0.028804757822846125  0.026538460800820684  0.024695557427634626  0.025325878904170356  0.02100638710622319  0.019490302475438412  0.027782245519853265  0.026808614498487315  0.025407871334357283  0.024572096589225063  0.01985140589072795  0.023105097971345166  0.025631406505254466  0.02354643141272701  0.0272563032787028  0.028926318148397683  0.023706464522666924  0.030788602333764417  0.02503037060436257  0.028091807726179897  0.02523466111894411  0.027750700767049843  0.024851858295782653  0.021715109381162074  0.024593129894021976  0.028958308897932973  0.027985306713651282  0.020601453070383836  0.022734614940951095  0.028360762723810464  0.025030411411317195  0.022037697380755013  

YearMonth:  2015-05
0.024535520356059715  0.02390485298480087  0.024814165559525102  0.025876082880018067  0.022031759246710657  0.02345111245486474  0.02362483585561381  0.024627184438214905  0.028732455226420015  0.02664047110748618  0.024445852894448148  0.02569681087433183  0.020885444325376038  0.019309549292693833  0.027803251168957575  0.026538764897623593  0.0258003076761704  0.02479441251774589  0.02002465482959068  0.023296096400441037  0.02581149295134562  0.023765792494187848  0.02715843513108433  0.028420005737697228  0.023413417950611037  0.03058321057329753  0.02497700550793644  0.028340688396721304  0.025031090429332815  0.027816904866341734  0.024592297004963237  0.021843811888021397  0.025097077106321797  0.02895093367087987  0.028212191644924587  0.02020760032918573  0.02272434860168812  0.028529962924811563  0.025544022314732427  0.022146125488686615  

YearMonth:  2015-06
0.02476567696882671  0.023117002183069283  0.025150472040395642  0.025897088488391888  0.022419047161622987  0.02304042084708283  0.023081957832961617  0.02455100323258258  0.027849768435541152  0.02683478875218325  0.025064383258677738  0.02610841648517243  0.020427740458978026  0.0195660637626855  0.02756816586275157  0.02647212315971283  0.025508297606724007  0.02510408018726394  0.020119800126149782  0.023497828478108534  0.025148551365868604  0.023396633945069367  0.027202041562703606  0.02789283803409482  0.02380539331661793  0.030230798558092  0.025405461531575666  0.028526441790072233  0.025292576154571686  0.028219551511503824  0.024730824214631363  0.022005531208269452  0.02567598485740809  0.028980289357988707  0.028680763465862073  0.02002073296120055  0.02305507351580751  0.027894360882191306  0.025324685388638357  0.022367341048821703  

YearMonth:  2015-07
0.024894112455590634  0.02328899656615954  0.024963278427765138  0.026022871862456994  0.022131910964325652  0.022433834404569114  0.023100670659478243  0.024749139229635963  0.0281536925783405  0.026683514694220464  0.024590452023117448  0.026470936423765086  0.02023093372838353  0.019301325890337145  0.027200684156523595  0.026568895383951675  0.025949583379966484  0.025153051832959256  0.019840352707770407  0.023034067544604735  0.025575046817936563  0.023801769025387973  0.027653116643508207  0.02769916252821682  0.0237980868159513  0.030521777077814744  0.02521117938268733  0.028238288047404095  0.02536047437911635  0.028136386654628615  0.02462957549929014  0.02231214301711812  0.025722285086529986  0.029468968551564733  0.028569261878423253  0.019790305099714033  0.023185095150948274  0.027921702757318506  0.02550988427197734  0.022133186400458103  

YearMonth:  2015-08
0.024731644307248085  0.02343482562750246  0.024820466513971462  0.02600599991457907  0.02208655482451827  0.02265707818587105  0.02260122767706556  0.025142001997127423  0.02812560404075059  0.02658456744566042  0.02406531129008617  0.026805951681387497  0.019730959216313643  0.019497948817014537  0.027066766940763015  0.026438357324659236  0.026157789708707475  0.02504855355942965  0.020036143335093955  0.023132601619090427  0.025344317433465286  0.024350543773241327  0.027759679336309157  0.027558966853024596  0.023876273087398665  0.03010538529914896  0.025228930441978704  0.028332757010420994  0.025394961721422023  0.02806917500354057  0.024947097611136147  0.022158373233580886  0.026217733020360148  0.029315189036167533  0.02881062754542352  0.019851655577924326  0.02329117480557105  0.02780121545177358  0.025264012512330854  0.02215157721880043  

YearMonth:  2015-09
0.02482172569215204  0.023057237794540053  0.024821161609959348  0.02586790025814889  0.02199937460958651  0.023744262240374285  0.022348214511976324  0.026097581025918776  0.027898989172322683  0.02647326848921067  0.02432183002318134  0.026684580306383546  0.020175139536101245  0.019602512172092752  0.027243198342536887  0.02641368085097127  0.02555241163779413  0.025021814835203837  0.01984565761002384  0.022999978252520606  0.025399781033515534  0.023773337734932492  0.027763103714038933  0.027716140280356162  0.023665990708131208  0.030239115147377493  0.025326868953441876  0.028091204266925098  0.02565118604624078  0.028569397253482943  0.024559067642772436  0.022404739744412216  0.025696680960349803  0.02899120066046408  0.028750170178198867  0.02027425563296983  0.02350053324644651  0.02739782475168516  0.025044683986454163  0.02219419908665663  

YearMonth:  2015-10
0.024653197308049515  0.023067126298342178  0.024464411132907524  0.025670873470541793  0.02188178288243584  0.02486183140387343  0.023241462304850122  0.025585593627621146  0.027943784235122945  0.026182748965094472  0.024650331592630963  0.026511885222899732  0.021019941556402535  0.019100550126580663  0.028002289812426483  0.026616132393088625  0.02523586988185114  0.025168971288828626  0.019617943278066707  0.02279181401824635  0.02566047109370887  0.023216249158736567  0.027075835430148024  0.028896108106771668  0.023380381730010048  0.030948341968384526  0.02533311041625066  0.026908290666595308  0.02545924946953284  0.028751204339810023  0.024216648820233087  0.022629375492880254  0.025332806728878565  0.02901416661444975  0.028567399033751238  0.0205333929309038  0.02312227298352406  0.027603855927746574  0.02510588673857995  0.021976411549111185  

YearMonth:  2015-11
0.024233252558043383  0.023406265298041844  0.024504671207901594  0.025438240515665702  0.021917311365647254  0.024608069411709767  0.024240314009881723  0.02443804772371994  0.028430589509537165  0.02556511199719421  0.02468286528544215  0.02656223199161192  0.020869376665645235  0.018995508587044196  0.027239829483235365  0.026701888678142854  0.025178280556626846  0.025132325881116368  0.019752196821012022  0.022915554971735207  0.025571657422369574  0.023030537202576497  0.02704191630238167  0.029517749006739497  0.02329055058968674  0.031316705848247306  0.025722589466406064  0.027144347471892837  0.025728595286551078  0.028631907112192694  0.024136760532334246  0.022156320583512534  0.025480384093060793  0.029304604902432203  0.028397872398882907  0.020827558786774523  0.02314600140966176  0.027476509193896062  0.025236698554220956  0.02202880131706762  

YearMonth:  2015-12
0.024983427882033556  0.023781402392902645  0.02512259737506383  0.02580701899081224  0.021769080638069666  0.023662167898915988  0.023651977799564874  0.02452980528887281  0.027876759903339383  0.026539178057985606  0.02440459487307014  0.026240510967227678  0.02032704712625368  0.019037203464504757  0.026829703616422014  0.02645417818609071  0.024884850633629878  0.025744454806580233  0.020241271680057467  0.022862591245168467  0.025348288937619572  0.0231076449803608  0.027067349226376023  0.028611590588574626  0.023797137969327285  0.030583259694354093  0.026015332665760664  0.026881637912994905  0.025499912013962043  0.029027462432551415  0.024778432750910018  0.022431369127974544  0.025890299993871567  0.029432080934638696  0.028288317443196546  0.02118875457887696  0.022862352434581474  0.027032969525491505  0.02535687587031774  0.022049108091547837  

