YearMonth: 2008-07
0.010890151515151516  0.010890151515151516  0.010890151515151516  0.10179924242424242  0.010890151515151516  0.010890151515151516  0.13589015151515152  0.010890151515151516  0.010890151515151516  0.09422348484848485  0.010890151515151516  0.09422348484848485  0.010890151515151516  0.010890151515151516  0.010890151515151516  0.010890151515151516  0.010890151515151516  0.010890151515151516  0.010890151515151516  0.010890151515151516  0.010890151515151516  0.010890151515151516  0.056344696969696975  0.010890151515151516  0.010890151515151516  0.010890151515151516  0.056344696969696975  0.010890151515151516  0.010890151515151516  0.010890151515151516  0.010890151515151516  0.056344696969696975  0.010890151515151516  0.010890151515151516  0.056344696969696975  0.010890151515151516  0.010890151515151516  0.010890151515151516  0.010890151515151516  0.010890151515151516  

YearMonth: 2008-08
0.01872580834557253  0.02288096969926468  0.02448225529095859  0.019054170729101066  0.02038122368840506  0.025391994191768397  0.022841985375254018  0.03541103673277434  0.027177210054999724  0.039799098620858356  0.022527653389768042  0.02410186079992714  0.021283191488379906  0.023833885069926047  0.02246426550995363  0.01996890580017848  0.03778167623751547  0.03409504414644551  0.02846106182461153  0.0222778242483446  0.019011591297637933  0.0287534408827349  0.02148097935473118  0.023853078546802256  0.02021425048162949  0.03614547159964999  0.02910947433268538  0.0260863373020446  0.01987869944963938  0.024312891778846057  0.01993018144631631  0.021922546717292827  0.021266528141782304  0.017943701605568938  0.023422311616533104  0.021360878625228008  0.02358112785613367  0.026058684161645113  0.018883326208116714  0.04384337735097092  

YearMonth: 2008-09
0.018428980296800547  0.023075465284444385  0.027877695457541665  0.022468073995223815  0.023712796066244966  0.02542498217430942  0.023081133748962257  0.03386960352328528  0.024079434480716172  0.0375773197286284  0.021146752489829255  0.027055078365626355  0.02226868396984286  0.024523601611473062  0.024426180927074017  0.02204534674954405  0.03218838565859213  0.02868625578886972  0.026418641080271706  0.024281434923827554  0.019114278056423486  0.028153961834968173  0.021846895673320023  0.020200846357544353  0.021821338149685985  0.03540127378479325  0.030722318126878836  0.027150989155351184  0.018254813031156097  0.022824254840765477  0.021515901830688973  0.02280926344217806  0.022994123447570774  0.02144923300016031  0.024612884166471498  0.022244208327620515  0.023547694940722157  0.02627525543458474  0.0205975112726253  0.03582710880550118  

YearMonth: 2008-10
0.019534991049937604  0.023809810755289436  0.02523268376663146  0.022980358929619502  0.023674634683533195  0.024892321457715645  0.024607259659875067  0.030800328602179187  0.024198074122346685  0.039511113694538164  0.0219295488543458  0.02708919710607699  0.02144759640847234  0.0266433321278496  0.025518455324066734  0.022753340223085634  0.030294033178305733  0.02545286742062468  0.026148248003177246  0.02443800026842764  0.01955436296407925  0.025722059226635428  0.020346198073994893  0.020891332951352544  0.022876315682597022  0.03500240796917012  0.02906876384925569  0.027765687315427157  0.019542297536683625  0.02494549186163048  0.022791200826619052  0.022489892491424857  0.02405277550689287  0.020790750298013565  0.02440094749110077  0.024149624464494885  0.02365049788941981  0.024916977008743076  0.021027566318815027  0.03505865463764022  

YearMonth: 2008-11
0.01919358388586128  0.024361514310783202  0.025108263000593233  0.023012906231053402  0.024130404051873097  0.02532203729697574  0.02589584538558315  0.02984091107605716  0.023515700906734407  0.0379019920052517  0.02257896805681621  0.027830972482289426  0.022100001539618414  0.028475287322188805  0.025379047459346982  0.021425417568591554  0.030324634096047593  0.02391518937240787  0.025834826197858624  0.024961483883851842  0.02043682159119304  0.025147494051480885  0.02031321713899932  0.02107770146055785  0.02314581697983856  0.030732301380454494  0.028828633916335403  0.029248738699224612  0.0206444716101946  0.02533162348941713  0.022999741920676105  0.022164870448617546  0.024822729901597125  0.021106670456459423  0.025637320330122348  0.02647485442733678  0.02370916755775202  0.02363684772402086  0.021265577071432697  0.03216641371454704  

YearMonth: 2008-12
0.01883616833884038  0.023053766507795285  0.023086780003736623  0.02280986291226656  0.024204000536852635  0.026069183318698855  0.025689817965067252  0.030196249169823088  0.023318008479030584  0.03852701437539706  0.022491218670153326  0.02707849905717863  0.022069779338301978  0.027164446462670275  0.02727505074887441  0.021715793675694945  0.030479261193516478  0.02349303198118593  0.02559912962730698  0.025856308630828818  0.02115509996753387  0.024236176978106448  0.02133572388806583  0.02159919592074334  0.023100559473346934  0.03172452142964541  0.02871404306336109  0.030279368310714684  0.021736092192464685  0.02587360494499384  0.02399115874745759  0.020883634856710073  0.024282758979809776  0.020322205914457492  0.025123791379497936  0.025716391662465785  0.02190589526802899  0.024420657616715538  0.021311953575950685  0.03327379483674452  

YearMonth: 2009-01
0.01846752428655585  0.023085999915769265  0.02341297330567236  0.02311086805902648  0.024107320499035717  0.025909854605686757  0.026608423957826276  0.03055143770081169  0.02321728531798468  0.03941570989105433  0.02189406600485443  0.028378541109167255  0.021103187358544717  0.026479396197747553  0.025924375291329963  0.021241080313072248  0.029823620079664947  0.02422769965242632  0.025636729882385672  0.02583544301985504  0.02035812008968256  0.024938992696907417  0.020897620832703995  0.021569526056735615  0.02297596824242398  0.03171563553097331  0.028856016685047923  0.030685981140738054  0.021399946412951905  0.025861162921177353  0.024705709612773723  0.021257707839710063  0.023794182394595513  0.020698031927446233  0.025853816318445407  0.024649583757995273  0.022411129318862154  0.023450714094613623  0.021113908165638087  0.03437470951219506  

YearMonth: 2009-02
0.018876940993839804  0.023285487281088698  0.024295272742221288  0.023150690432401606  0.02524760858769102  0.02528301670443268  0.0259599523665993  0.02971099881929549  0.0224365928720488  0.03819392915425981  0.021698828258469794  0.027986275321366015  0.021498746197558417  0.026700789470755753  0.027031731313632977  0.02183543803626842  0.02948768998258891  0.022746523428093097  0.024111636017401218  0.025806858078910293  0.02235853137785201  0.024919193067201188  0.021112403039260624  0.02084599636228091  0.024119074523146114  0.029606849887004363  0.02897746371477963  0.030051868895802723  0.021362655334535297  0.026203628348799565  0.025194611278661454  0.021358755039650703  0.024057498886241466  0.02013865674198921  0.02716379851362471  0.026362406664914653  0.02250381623833866  0.023393630467478773  0.02155496456305239  0.03336919099657112  

YearMonth: 2009-03
0.018992760922556612  0.024532091522081793  0.0247156133072136  0.024956787598375586  0.025773273886540594  0.02475706043836074  0.02778045546551727  0.02842503788481295  0.02273170971561963  0.0371296596118695  0.022035184483368685  0.028852343480491982  0.022322940841771045  0.02819972375744857  0.02647534614103472  0.021704378926260263  0.028512397063727678  0.023082187270626466  0.025059449036543717  0.025559132357180218  0.021680101435483483  0.02293578541439654  0.02106287862071247  0.021133095774448975  0.024435043825388778  0.027278174502404766  0.028015090207483415  0.031375631895805424  0.022658830639794243  0.025830105104409078  0.025959344027924134  0.021931469553749347  0.02627981071197713  0.02001837596247668  0.026343692023269746  0.026531527130667962  0.022932910544786966  0.021449428972282792  0.022280992266213634  0.02827017767503635  

YearMonth: 2009-04
0.018976676256461707  0.023993711722028934  0.024695759957171184  0.024303230558405328  0.02577465928936714  0.025793552236082273  0.027932902886030803  0.028629309817985938  0.023180419912908604  0.03664670797983177  0.02181546902965811  0.027710017140643417  0.02301303557157209  0.027406919007224098  0.027665317874404637  0.02228539023151466  0.028798575551538603  0.022242454827760095  0.024935084565915797  0.02517656160187631  0.021636543195475526  0.02335592474964516  0.020991984828807795  0.020894796738804414  0.023854969422483108  0.02699595847921048  0.027381120632267015  0.03167261672583729  0.02288884283459791  0.0258999075324538  0.026286718434596835  0.021968403696198607  0.025763259160543794  0.020717432603409747  0.026820326167830442  0.026387667883485524  0.022464999067235026  0.021107487868880198  0.022160178418224024  0.029775105541750616  

YearMonth: 2009-05
0.019158965855958023  0.02422066990547891  0.025020301178066886  0.023185777754017513  0.024853042166803008  0.025160881643943145  0.027376962709033503  0.028213079607175923  0.02314365774570436  0.034364851020254994  0.021571232656924684  0.02769272542524556  0.022563498562310047  0.028374998616021864  0.028348914077598424  0.022379942699390996  0.028828082225872378  0.023895902676501532  0.02462929113127529  0.02594314129433727  0.022982601688407565  0.02300291871563942  0.02158308867111943  0.021364186349910923  0.02482356421179511  0.026018498395809265  0.02737833601155561  0.029297185707067113  0.023822064367894906  0.02560282646991773  0.025196030145640817  0.021829826714083563  0.026378050804696112  0.020886473817822254  0.028843596103516556  0.027650690164758324  0.022520206499394294  0.02170339460072936  0.02228477074188618  0.02790577086658398  

YearMonth: 2009-06
0.019470920733458488  0.02528307737085254  0.024609126352649936  0.023211384669646867  0.02569544116668772  0.02498885897280446  0.027514882949671738  0.0275927646538462  0.022718167377513632  0.034273004474251696  0.021899264712753583  0.028640065757321025  0.02214752365913043  0.02906846050291988  0.02862931038510806  0.022178571927986352  0.028847995995702962  0.022078104248585653  0.02422754839764749  0.02542630998868442  0.02332508300659445  0.02173578815500944  0.02228681588933846  0.020869636870295173  0.025774399722295165  0.025341254675350023  0.026936499666290963  0.03076667554242712  0.023352092359378896  0.026522182933176562  0.025378596472864307  0.021293465023454024  0.026699422649899083  0.021540208934665864  0.029514459571793866  0.02800775370833557  0.021869082056452452  0.02120153145122174  0.022012540312605237  0.027071726701436448  

YearMonth: 2009-07
0.01885868914227066  0.02461297794396248  0.024053310112915647  0.023352682453489478  0.024699319857291104  0.024057933518401475  0.02795431603656109  0.026958719721010015  0.023155067571190277  0.03393612432600614  0.021494848318658843  0.028994359306586788  0.02174715694473997  0.028893262299875693  0.028353939822800774  0.022604362909579612  0.028363229644081885  0.02275247456578338  0.024551453248069257  0.02522818169827434  0.023941270529623748  0.021029144285297688  0.02250668413254598  0.02152091913695211  0.02605259662569318  0.025269410899104793  0.02693601182152682  0.030543562891871923  0.0233499156331826  0.026448127936009293  0.02618977268371612  0.02224778724026648  0.025731534810219687  0.021451034847186294  0.030321155269702037  0.02832816446075087  0.0221899823210709  0.02191512318261773  0.02254645178785182  0.026858940063330165  

YearMonth: 2009-08
0.019380769333503176  0.02538015910575318  0.024035179300029706  0.024581336150709773  0.02558913930336529  0.02382211674850796  0.027887792692620983  0.02621207362885886  0.022331362785004024  0.033609472307434635  0.021449547922955062  0.02877868726763678  0.02215813908743656  0.02980615207758843  0.028160128881543074  0.02247039623144911  0.02809069109479747  0.022943505106153103  0.02404241485127491  0.024934767489995593  0.02490961218358244  0.02135036996902018  0.02224937582336035  0.021631136092409898  0.02722250962259575  0.024025606945757165  0.02604044086055213  0.02974271403828045  0.02427433161698325  0.02716705368782026  0.025698056540741355  0.022159020113748137  0.025886525201840836  0.02080554409826923  0.03132042690900377  0.02844851165132497  0.021878895306212846  0.02098990231555594  0.02254943693070341  0.025986698725728768  

