YearMonth: 2008-07
0.39687500000000003  0.00798611111111111  0.00798611111111111  0.00798611111111111  0.00798611111111111  0.00798611111111111  0.00798611111111111  0.00798611111111111  0.00798611111111111  0.00798611111111111  0.016319444444444445  0.00798611111111111  0.00798611111111111  0.00798611111111111  0.00798611111111111  0.00798611111111111  0.00798611111111111  0.00798611111111111  0.00798611111111111  0.016319444444444445  0.15798611111111113  0.00798611111111111  0.00798611111111111  0.00798611111111111  0.00798611111111111  0.00798611111111111  0.00798611111111111  0.00798611111111111  0.00798611111111111  0.024652777777777777  0.00798611111111111  0.00798611111111111  0.05798611111111112  0.00798611111111111  0.05798611111111112  0.00798611111111111  0.00798611111111111  0.00798611111111111  0.016319444444444445  0.00798611111111111  

YearMonth: 2008-08
0.020442412129996992  0.023730373308947336  0.02292046667771786  0.015257115826244907  0.01992933229593514  0.023527174551856714  0.019875964025101195  0.03075725528253811  0.030005603693873412  0.0215201738014027  0.0349115711401742  0.018232582962255207  0.024737431222705195  0.020961249570695537  0.024585325689328637  0.023408204296612098  0.025134010121555098  0.030357725905511376  0.033479655078119376  0.018522315701429547  0.021972215974670316  0.030886876751335578  0.025553300417229065  0.05233580290090087  0.02410588877255084  0.03990434270907791  0.023781346774100535  0.021584781043969756  0.02237794814213796  0.030012819583160866  0.01652665673365796  0.01721958866749364  0.020795383673772785  0.01771051654626274  0.023776508339197807  0.02876449988944519  0.024498733488786752  0.02261007891712279  0.019722102390261148  0.033564665002857416  

YearMonth: 2008-09
0.021154955181750583  0.02643394840760843  0.025792799158759597  0.01619438064784134  0.022859347945539316  0.02380625755573066  0.019233457274648976  0.028046360348307087  0.028216846216142465  0.019668361425123005  0.03269169402392337  0.020565732773845175  0.027012302561888826  0.021634990368050624  0.025908176692849373  0.0265374672283917  0.02237526439165376  0.025388575272658247  0.03077656522992074  0.019540891375257184  0.024556287174386352  0.03088642538076059  0.026175199235713948  0.046459492165212446  0.025114075662268726  0.03318491515813363  0.023203359283060988  0.02310663519615004  0.022364352083521735  0.028236380825361167  0.01745396107555654  0.01900840949789313  0.021339853847043014  0.023973468124500085  0.023931717238506928  0.031950942377161944  0.025263060278462555  0.022093104023278527  0.020135491020265923  0.027724496272862484  

YearMonth: 2008-10
0.02215341353452787  0.027217185758231358  0.024410451285013096  0.01613761889048578  0.021639874756853167  0.022551219715070406  0.022229009342398052  0.025094708897699  0.027826902742004837  0.01980031016938764  0.032792894502131055  0.021385439185054287  0.02527089790414044  0.02347390831334349  0.03047075801749966  0.02709265799981268  0.020861704159208225  0.023985020293176423  0.031857664095452404  0.019100722069879075  0.025276875177462802  0.025040947716235645  0.022989544708968874  0.04835249236076324  0.02710793991365396  0.031060660324689512  0.020605635493842984  0.025364272229701345  0.02469348003693422  0.030000955103626537  0.01843510053535193  0.017743637770689175  0.022452072537150435  0.023304196038210663  0.02503749708118531  0.03591758616558127  0.02568879852245111  0.019833930830286915  0.020306339472773167  0.025435676349069417  

YearMonth: 2008-11
0.021859640706171853  0.02721451202534528  0.024637393702649273  0.01636168156654826  0.021229251602835945  0.022561347570543715  0.0242984216129076  0.02207133056590693  0.0280555890879363  0.01806038323360105  0.03344976240640316  0.02182624006147722  0.026926500649519597  0.023770510234269647  0.031153898204465333  0.02825115992166639  0.018357434418701028  0.021442536001215692  0.03089031863141769  0.018594432354178014  0.027988981791298845  0.024059471603014897  0.023490731404076363  0.050292952849446654  0.026387685730347856  0.027124634429293637  0.020224956546776803  0.025801898070735938  0.0265571182097924  0.031060937645774184  0.018759547852524188  0.018014474721546367  0.023565392702749655  0.0222306739856812  0.026472364332225655  0.039222688439231275  0.02490699528309223  0.019430029047527247  0.019891506055151217  0.023504614741941654  

YearMonth: 2008-12
0.02092594564859415  0.02662564451489282  0.023733367395645712  0.016282079121475564  0.021849300296318826  0.02387096269645472  0.023299554940601003  0.022381717289881413  0.02671571519838635  0.01759653408640215  0.032342681670136944  0.021450564406753175  0.02623958212770229  0.023915139256009608  0.03210408903436726  0.02756349428858091  0.021202256845951506  0.020903145241330676  0.030164937738250405  0.01955162960147548  0.028049060076995647  0.023411956798766495  0.025015106309991843  0.052361954661677826  0.027932029775918358  0.02609284892512586  0.019803773198445215  0.026926352101643684  0.02822790835814015  0.03163468576894268  0.019333129867009923  0.017106781870820837  0.022665932032581174  0.020574049774982964  0.026993368723844568  0.038834977064334295  0.023898581091406662  0.018915403610181156  0.019957278723288226  0.023546479866676753  

YearMonth: 2009-01
0.021848880258009247  0.026790184524111745  0.02353877613216251  0.015994627976484162  0.021868913486079562  0.023173995520939954  0.02353626676815872  0.023170166471659866  0.0268004853665707  0.018499980615358916  0.03058375095120078  0.023195737355047943  0.02562158988415608  0.02352149471058012  0.03265819963103073  0.027229603051589044  0.02043694403259504  0.02080804558314262  0.0307520688598888  0.019200351315666993  0.028030225332528615  0.02368664936235986  0.026208923294041897  0.05111923852556018  0.026747748918235253  0.02568621092804705  0.01978856567300258  0.02588574690006367  0.027675830363645404  0.03157441065250626  0.02089649959137027  0.01730488599552409  0.021991000339177245  0.020899054001529437  0.026380179423110064  0.03808212189364599  0.024741385433599834  0.02009253773161016  0.019664638056523808  0.024314085089488922  

YearMonth: 2009-02
0.02190824804616878  0.026374037960153425  0.023903895888841616  0.0171670476144632  0.022596439028870395  0.02230325803949891  0.02393442096024707  0.022663366169620777  0.0250348396638323  0.01814724968714909  0.03123964497372226  0.02267159231323871  0.02458576307531498  0.023202976386570942  0.03457724822352551  0.028418477425881036  0.019447821722474178  0.019212005781636874  0.026961895097180683  0.019987652921545213  0.03085758208314033  0.022304015092188503  0.025059711959705553  0.05176463428126634  0.028261319030475254  0.023762727054846142  0.01973910784960125  0.02547537269429844  0.028286638151456156  0.03215216653239212  0.019585158541005378  0.017213947678895055  0.02338997784261012  0.02006120502418867  0.02913585104532033  0.04141296425446353  0.02348918645404266  0.018561299073531514  0.02093864522336186  0.02421060915328217  

YearMonth: 2009-03
0.022094337517948124  0.02691864733988294  0.02375639619834481  0.01724381397784713  0.022519758936658828  0.022457945587272522  0.024098031378810385  0.020779248795680293  0.024875070940297016  0.01704425014393175  0.03074279619164609  0.022452445687333494  0.026191572990421796  0.024371139214226033  0.03355165766504631  0.029470374074737436  0.019602205724905578  0.019800167064213645  0.028421094489917875  0.01923495025112086  0.03109483129083332  0.021496502530624528  0.026231633335451743  0.05018204345423565  0.02847891394563506  0.022407983554970756  0.018773140588151122  0.02664745676739881  0.02992907524976919  0.03247964879824487  0.020455027872243705  0.01690738871588271  0.025382811176850827  0.02081568362186914  0.027902789089621013  0.042010443603521117  0.023660280305332064  0.017758719939731226  0.02026384087124962  0.02149588111815549  

YearMonth: 2009-04
0.02313415462774138  0.026840610556167526  0.02355045128901506  0.01703314815520922  0.022585734828304956  0.02268811253049155  0.02365699556608024  0.021066982462331504  0.025979569655066568  0.01664577399300325  0.030201865398699953  0.02257031648206753  0.026465228475367995  0.023365294514009958  0.035243385449918674  0.029500354036904694  0.019088258096465804  0.01944063573136871  0.02707615887269243  0.01953651324117592  0.03209120195923796  0.020885009417583235  0.025548443383096364  0.049783143656139825  0.028298271992780358  0.021962672294209198  0.018150348721676982  0.026467432315342168  0.03072774569744203  0.03228210093902786  0.020752324341977067  0.01768991141078613  0.02412443803170945  0.02023796833685573  0.028082390155286345  0.04146837693120577  0.024205780664747642  0.01814752703298282  0.020692927170765704  0.022732441585080747  

YearMonth: 2009-05
0.02221832127297984  0.026825482933912896  0.02499023141352663  0.016591413248081305  0.02200453905543508  0.02193800786561779  0.023843701071203018  0.020459078270332682  0.025199825027793086  0.015813051418844596  0.029903813375785224  0.02146207614872815  0.025054669872294995  0.02419273447492463  0.03511916560204673  0.030641188204013858  0.01882227949956798  0.02057532096694277  0.027125192226268052  0.019684990430931956  0.03417201100655809  0.021870672687453095  0.02675944108709299  0.048821048052387475  0.028217266341018506  0.02090162014590207  0.01835959861221556  0.025126863325553674  0.029815488808865167  0.03246408379846585  0.02078582647641006  0.017886764700918673  0.024294724747065607  0.021415692139734994  0.029136513431186596  0.044867214835781495  0.023609842741244006  0.017468301008216485  0.020525769160518827  0.021036174514195618  

YearMonth: 2009-06
0.023738742769572246  0.027687384435947003  0.023244395899090983  0.015583266287815497  0.02212674062766719  0.02172394285137947  0.023189307598273045  0.020164858082988506  0.02491962831904904  0.01634222896759581  0.03059566485511683  0.022181256101220237  0.024818228816752847  0.023524563427822383  0.03507660432656132  0.030633731414203214  0.018548708591590655  0.019323164833950357  0.026492309147026126  0.0191756785428724  0.03317008735881063  0.02071957728914493  0.027932408569612932  0.04943293301942011  0.03083626994702938  0.02030300009622403  0.018417832377546295  0.025552529933850297  0.030636106532324354  0.03328702441543208  0.01939837966026113  0.017602913495842414  0.02488000936483608  0.02223905667647504  0.031229272199840653  0.042880454311668696  0.0234448931254285  0.017411285705842477  0.021170475285308226  0.020365084738624063  

YearMonth: 2009-07
0.022998957086001318  0.02739360401153325  0.023330104743465595  0.01613403321514742  0.021615189942968467  0.020986813060406524  0.023716556571499053  0.020126048383375852  0.02505895675149958  0.015640956958323092  0.030232929393985888  0.022006618211619165  0.024158681901152387  0.023362243023958233  0.03593153141389553  0.031020183783864053  0.018642356456496024  0.0192355722872892  0.026678655365351224  0.019049803391368567  0.034849314139218414  0.019929632201362006  0.028061431338399005  0.04975735940804082  0.03034328184821708  0.020010809002703724  0.01787661496099851  0.0254244172152843  0.03046295980793187  0.032534167078318375  0.020118703719579748  0.017956575430827713  0.024587284060620232  0.02163133267872705  0.03197460243827831  0.0443808475420377  0.023915024785808613  0.017930453609300394  0.020443135186094127  0.02049225759506934  

YearMonth: 2009-08
0.022029922013089613  0.02828440380160673  0.02345033279418095  0.016279715558767286  0.0219595247207684  0.02016782643571626  0.023556554979318887  0.01926958643990123  0.024656388991216336  0.016007472894516737  0.029989169809410413  0.021614569208869415  0.02486635704432319  0.024178504796913598  0.0366314854439071  0.030713942180556265  0.018813692875027942  0.01925492621580944  0.025242693391837132  0.018595002198732353  0.03661068383270676  0.019362286448682514  0.02942635102066025  0.04983801588481256  0.03208307031006399  0.019212691238057387  0.017550501222217938  0.024930877258622593  0.03112163957560676  0.03294684309662393  0.019929903142595625  0.01815043765166649  0.024203186743974012  0.020913617709850525  0.0329782245465696  0.044272129008462356  0.022443661126070283  0.017467868231157393  0.021539981463105026  0.01945595869403774  

