0.16071428571428573
0.17378048780487804
0.5892857142857143
0.19318181818181818
0.15111940298507462
0.359375
0.10634328358208955
0.16071428571428573
0.1423611111111111
0.17548076923076922
0.27134146341463417
0.16447368421052633
0.20227272727272727
0.5505952380952381
0.1766304347826087
0.16590909090909092
0.14772727272727273
0.12954545454545455
0.125
0.20277777777777778
0.41203703703703703
0.2426470588235294
0.2426470588235294
0.11141304347826086
0.11458333333333333
0.22569444444444445
0.275
0.1953125
0.41810344827586204
0.14642857142857144
0.3003731343283582
0.17378048780487804
0.2225
0.45153061224489793
0.11141304347826086
0.35054347826086957
0.14166666666666666
0.16776315789473684
0.14166666666666666
0.13825757575757575
