Topic: 1
1167.3642328597127  66.92175802524932  93.72794629019467  65.53691333214508  108.13977347941753  97.35249120638065  167.70672529210984  109.58709309661785  171.5584258577344  196.3548568475912  78.08033178292641  112.85576884075616  83.1444340284041  174.35115276471032  350.6534245643667  69.95647136976028  153.44201046532402  70.11938172783506  69.07821545337542  189.9567366512269  62.60918190110544  70.05026862207764  85.17237085792149  111.69422025143166  104.02818450803628  131.95614891932752  148.73900388274154  100.05470755549791  87.79831198368166  123.86342083824401  78.34644984033767  81.86571219746048  121.48306054776653  57.786946097478896  100.37526735128738  120.04823184181839  112.68615596094293  76.4513073935817  104.82337478088866  125.89910895786036  

Topic: 2
67.65373127757596  1279.7104192506627  422.6417454535442  89.99430929027714  140.30943784985408  80.12013270902348  95.80155709729169  118.18290834589791  103.69536673361539  225.54565654654758  238.24280045734966  180.17619609438222  107.94197664876376  215.15151607605102  61.41269519394955  124.16596243485382  177.7954944783861  307.5434301421664  322.76070738484776  64.48561649724685  76.94934915479385  213.6320385530506  111.84767897125384  120.81043671216197  230.308176936327  86.52924977500838  145.01972445142778  132.86024658184684  98.68607319610683  186.0055223366399  94.79267060367192  119.23922746164199  114.93436339497242  191.5590666453158  120.78049597344862  133.9853886964247  166.74577353239448  89.66141047903841  212.06067170469197  96.1469728564492  

Topic: 3
74.80885940694728  323.58719985108445  1646.7419383402596  100.74678434804927  210.42875354655345  56.16107756296295  110.6684023382074  228.85161711379533  85.38692514569172  216.26832284060387  111.91617685911405  202.775270903682  103.05334310079532  324.2480839750143  68.11815100681007  153.4060924879776  187.7449545202009  148.47511531021726  174.58028365924693  81.83528773156509  81.70747201875551  267.41857821199665  80.49001158620493  128.90688512378068  96.20175560765377  82.41466394744286  113.4964973725674  82.4744631776907  49.43128491747363  172.42791553372655  79.8097870032708  86.07162663283974  103.27673117827823  128.52212390432356  80.17872001041073  134.81063599177054  129.28011926174563  89.89702890984955  127.60914074291182  166.3155126321348  

Topic: 4
34.62560582011278  53.34066450212511  57.17645982432689  1397.9322348098142  106.76465458691175  50.556055958931715  205.1075145929803  115.65571188043587  31.47865516318627  205.81314009462682  25.527309394759126  264.0415737426124  40.717143643393115  146.53360976961878  54.226957137695585  104.77585688283747  124.66390943499806  31.273887843866458  80.93548049376135  174.10451861755567  50.44057364225999  122.57162628092826  37.76183154693206  74.01912156423333  32.44633492146643  54.44916234612732  243.3101599415062  127.40447651091192  25.355608198266737  101.05050479784876  268.0176619438291  56.41707784134411  182.39903081560473  45.35464855624048  38.68049987086428  33.59634775003603  42.21200652217957  53.210300959578184  132.95610108094212  105.4625722567016  

Topic: 5
71.4958840308755  92.66748989279027  177.24351547569407  129.6227794026682  1846.5106072218875  94.90512683627269  88.4375692919046  128.49404269272972  118.6323519380099  211.28157565856108  98.21984453359012  130.38755908157418  188.91188282275678  46.936817853141314  84.54681042917582  173.70820476688473  159.40453057447348  64.53067132610303  87.47061573063846  77.1676580790402  67.7167744386025  186.31569171559977  72.17788721498815  87.9479743498113  106.9882810825477  76.94123008017279  240.67265335164814  131.71011964896874  56.295313128405375  136.1319274955404  203.19240839020202  59.696941253869106  99.50488798801526  93.78766840451026  68.5375523189286  152.02699386687868  42.52339545038492  82.67166966594907  102.13388914215052  109.78224187777296  

Topic: 6
66.75363949214643  66.03164597590843  48.87579653618373  62.91583787854915  104.54121968151965  1256.8391828604053  132.96236466463742  207.5667572699617  205.257378990516  340.5595282163463  93.36881634159833  101.78082205119509  119.88994570852734  62.59954058849828  221.2408008717056  75.15813773163015  227.01094234052871  93.05773381013731  103.7684655126969  92.92769333083187  63.39956875890841  58.173783484166655  94.38349489641823  93.1907137976551  74.93069651500917  279.5137999038483  176.55903870365674  386.74414174076406  180.50831839840947  98.14665594215126  202.70554575407124  86.18902774501497  121.46891171044992  130.7418674232289  71.33692750153591  111.72600052485899  105.86774500482345  180.7600753338915  111.78155671604979  278.5356357296661  

Topic: 7
101.7144443639186  62.069436851325015  79.18995114421668  240.0903622185979  82.3506940664429  129.6456332497929  1220.7705842031862  149.62128114479822  116.61434388860484  360.38026036054595  46.69064896838248  352.53520386534876  63.49273500067206  242.70369959301718  199.18148104042046  158.72366060917858  162.2298556068308  44.71427680815989  82.59959921347647  199.710022989441  53.79309414227453  45.95559252460986  36.45856340381788  139.83651052690055  75.80170582397302  54.59087281787143  134.85584976872477  432.5626083320153  109.27468227975103  159.83064991921228  252.92086883099444  89.79577132179769  241.5538407051636  69.3369609864114  85.07489416654082  132.66811594344125  94.8653756515897  105.65136882954738  123.18304350543646  102.11568137521168  

Topic: 8
77.46269764626965  97.39373204307684  231.8754658601959  149.22551451608504  143.7227661256241  214.65899481454963  167.20925400301454  1698.369647961243  103.98836058141826  398.60537778574144  90.17305260604225  309.02379775303245  117.37399306581827  186.04926726529138  61.45101170737286  99.6484116372703  343.8185203384507  126.14908869314864  214.88964028066246  178.46023662768974  76.39301621070571  246.42427721828156  207.74398704635587  136.42356006002814  114.03854380851115  360.3105044356949  260.8823056415455  230.9659922329885  112.12125288078309  121.26934711966862  129.5720538186471  88.89621778398539  163.11518999333316  232.98236425169313  135.19517261970478  64.93724949283794  184.28792369057277  165.7538609222745  109.52046665899368  602.1469396018722  

Topic: 9
146.42969262796197  144.11411891251913  137.2872792204391  62.82407707829321  154.07508660495697  262.7059558130634  175.55952052727778  138.0227488185753  1753.0600788625884  250.50239857770777  221.03046945522306  121.35486023081981  159.80043443083082  157.58266572629262  614.573335954749  139.32353084711156  206.86875671507232  154.34709490440488  128.36669101847482  81.58148018881293  33.7033513846454  123.74578816304906  65.61352801494067  119.12285688173476  88.74860790708416  199.90214721515383  327.9452910628296  83.83395288118687  68.57211705209102  180.3372856792392  116.46676086432963  137.58110387160295  93.93837975655373  83.10038486320664  37.544473688489475  81.96235419546443  115.4381211874149  105.18585683418257  176.20507591897965  152.76759668042652  

Topic: 10
68.27145522944299  90.21480976416342  108.78270391074209  119.8569863818181  107.32627164395453  202.63841099829733  215.00516025618268  221.0383925547642  100.47231110168572  842.1455022339288  63.15011107549943  292.7442389288751  62.29942115636167  182.2320388162082  156.45831113811565  164.51625442339616  166.69742662293905  123.1645148165097  102.87227828708554  124.45902860609266  78.16299492054306  82.5769953864056  64.26551006139297  93.85901867383346  88.61181274154266  250.28913256478526  206.36965844325445  280.21031947725055  89.12013045511112  126.61456523675115  157.5360134842685  99.97918368004247  145.50240918048974  82.52402744789937  159.99829870066853  96.08845159238984  106.96247945323263  199.82277711394633  84.28538261936254  322.8858189048482  

Topic: 11
99.23445601704509  337.88355585632183  164.17237269467955  50.86861458126424  187.7364772968504  170.97694066872546  95.85613708764451  164.9195381668723  253.70402725116526  230.1054473440527  1599.274608576139  74.48126604554783  376.93019291217837  76.17673381618981  133.10663428188104  161.7324421106062  270.0796225602282  205.88869128004572  285.21707918492723  47.79235983513493  60.80150127049047  249.37200896607084  157.59747555683288  122.28091513634453  425.7199434717092  267.43247219233797  185.68962912671748  121.40122048488615  214.21012713354702  213.87997582780858  105.61902341305247  346.10994935081766  74.98072375966798  137.59476393797587  133.40630323517243  162.46728997757813  116.66292936326742  105.53379075963682  101.0386848429505  173.11909595599323  

Topic: 12
56.66440675212189  122.78605843663604  137.87049584074282  333.79921411295476  130.35946811335037  100.36494911917458  359.44079374292846  243.51738411363183  68.0592605637611  441.9699654738465  35.09770493076772  1375.4576654988273  40.0675738046497  197.39289635534192  87.60372315222855  164.04423278852104  170.7745408871168  56.83316301211255  149.702290338741  133.97987109274013  46.35002123516542  83.07887468944492  44.43786274401775  121.74200408656084  79.49841624044353  73.69702196227622  163.26736977792635  394.4273677879219  70.77099840085934  157.60663861016133  293.56261287565354  71.5986023353571  186.96922546012735  60.02020783985924  111.08554269938905  93.15668061273114  88.93419624528062  107.95970346411148  83.77827626723477  142.47955200015653  

Topic: 13
73.51255164357707  119.13515562620388  123.97773321541963  72.84831858131945  252.02676351589935  129.4970999580901  87.25185795657934  147.12123762200207  110.90234782068886  183.31436859166269  244.99724342324953  59.28925310804273  1674.3948315677221  91.57134777446002  51.86304549330992  137.49752226314928  198.54928174324257  98.10829741479142  111.23953559654586  59.005623060144664  31.82722164319797  199.77659428536415  143.62238364645378  102.297878517363  223.37920211801085  152.61461197748278  170.52981727578106  132.07467741114675  65.72524732921723  147.79968594405162  94.22599749920347  204.6368564287635  51.590818761699026  124.05466444333803  68.99747765841842  71.7260878165899  102.03601924428432  77.40404596401555  178.97545799896622  117.68680968127605  

Topic: 14
102.0255220225187  110.79302518050942  253.8795691667641  180.10987080624773  55.74262877682941  74.01518325199332  219.6825821372153  210.25455387549374  100.37061524812707  335.56928109576074  38.27539753948322  206.08439563480195  49.297751151536  2241.039832980626  144.88223828950697  89.98883064266505  201.739784543374  59.84679735337455  70.73434688316294  225.37969535284992  90.30940355439176  72.38282053508914  56.66047189760157  160.77741089250182  110.53661219203971  71.67499369395809  160.36848045395118  112.50537895443877  62.37780691684257  177.99412226360275  101.55129528503521  147.33943746741213  239.33994133583914  68.32990220551304  163.754145508698  93.64376070940702  236.77565524311692  96.48301294661053  182.4851598552946  159.95864343996388  

Topic: 15
281.9556997975032  80.62357360787045  96.68045416727996  116.46591912869394  133.54585288457673  326.1115754893218  339.3951395521151  108.32296826036664  728.810813089732  477.4425690386799  94.01922207804706  192.8724597384616  62.08698307376877  280.0980337511259  3201.4920784386163  126.96577302843765  279.8739496475317  100.63958835628698  57.17559047356301  230.91157776413593  106.35752870231879  50.03644512476285  61.13419133812575  229.5937786122851  111.10211981879786  134.6397896489411  488.6401155564968  149.83290838891344  168.13481715717015  263.11820490602355  152.07570922594215  168.30198613864735  341.6950164764368  70.66425516568866  174.31046514124344  223.6877563438501  152.10221612701892  112.4332248328723  213.901384122144  177.75207424409177  

Topic: 16
74.84858431502967  225.13335649403263  215.4260423877998  226.69529075411046  248.7237805790063  106.88109364463142  306.3763082294665  113.8274964763448  183.84925199285306  335.6547917261627  192.54999445570058  321.3409057415191  174.2404774180122  222.03961040951825  158.9035640472583  1112.522590430631  183.12384160525644  109.22880972463847  285.184312229662  97.02672069091771  71.1479808742531  145.72462498756803  82.87816356099182  139.45217122348964  169.69480008850908  90.09308412471418  125.80809203234553  251.99410550048884  136.21209612628343  347.1506900919641  247.06913833829228  112.16867296078154  133.22951510480542  136.96520826652932  140.79907046606243  183.22189298371708  106.65852296985864  143.12800365360988  114.96865850160418  127.62350560626379  

Topic: 17
71.88377180094903  80.48650588446338  113.3590324541925  125.68963771510987  107.28982700351445  180.61403148447866  141.93911371106825  273.17031909509126  110.16635740910164  289.0495205721692  86.56105191936696  195.12719366137648  95.71059342191457  154.59692392443554  167.32961245179553  86.79186378300605  532.0716282018852  101.27591407111977  120.14006928230987  168.25232981917674  78.69258875611042  114.42303347494712  119.75182826029537  92.38384149921814  133.5512385108085  239.55637929210974  166.1837748686568  177.36106543660702  111.03742062651278  99.44397625018651  128.6745149714981  112.1749749771738  142.50275627685284  90.64344776472045  141.51847886206212  90.0366312759854  125.25656309270826  121.85195167945754  82.09167733240596  409.8030348811017  

Topic: 18
53.27328313418124  326.60861386309944  189.04828112298523  33.938834447359326  59.24396027468866  70.8479679272136  39.84927884718142  95.13221147336102  119.03791372127934  198.67415525640556  120.39660709273626  54.149320850118116  83.73829628087847  56.62484666680657  62.84515659427784  55.555095262310815  160.27445114359656  2277.4573596384844  219.98421196892485  45.844022083406976  31.96142840059792  151.4860092837761  63.755936941545805  85.68390429776836  71.8771049520685  274.69572189189853  89.2630190154583  46.790337096633344  53.52601627972879  150.77438846081137  45.381567863595926  60.0968419034095  49.461358275596716  126.22094074304037  53.73258953111234  78.90561762994315  88.4371797875856  118.73613233081413  52.53228609170187  163.97810076381043  

Topic: 19
57.01641829646153  416.3647604386833  222.00430124445376  123.04891933073367  113.2659815793219  120.35298821312651  101.55484213789704  218.47828467165175  97.68342596437748  236.551854333765  210.44182435195484  203.35919689335591  102.40771660013046  75.78781706839914  35.05358032179629  196.60414894735067  247.70641561306175  295.0047164804948  1897.883801540756  56.13842412521001  66.66646873410411  316.5442378712335  128.93941487577575  120.90725747212849  59.92356111624188  213.94862403810157  153.90947273381533  189.65385196982865  104.54564858741709  256.38188927657694  113.60576135758743  87.1586856321468  61.00096741249189  134.897405746945  66.89663969472456  206.881670680325  139.10650003848443  168.32434445378644  67.79538071698632  173.9490933826778  

Topic: 20
109.3021654938819  44.77349502590507  77.88319281137956  206.19642557547908  86.14228588909765  86.6498311592471  179.4924430809677  168.14728016235023  54.595379107904975  214.96012444547978  25.822457490794967  158.53411989002558  38.73001780694512  191.8824893390584  151.69808637106132  58.766650961725844  203.49498519499463  49.61997406603428  45.767698579558356  2098.491162298051  185.63457191981277  73.9193523507575  90.75132785888327  113.38386885945356  38.68245584365541  107.33552413127443  266.26910276333086  89.12825962079744  34.95764139686946  125.35110706905984  72.33264761807392  115.10411102004593  307.1760585136886  44.826707856692  59.6256609502693  53.12964954459446  75.98767061267704  100.49427574196476  106.28819420401167  223.85334537601284  

Topic: 21
63.90144954958542  123.3079689830896  112.4524691390971  98.25351766329105  129.07176381739058  93.54754860148833  112.72232082298089  120.4229359194271  34.478721358230146  233.13511068502618  50.303713374673954  95.98353447541754  44.31057946691376  119.03040737932176  108.12425670882217  76.97378145902493  233.08353105811128  59.489800328088386  87.45090425390056  333.24726695393497  2140.851125493379  145.87061932768802  257.4261217059504  159.32936932818527  117.48138685745047  94.44263938146933  168.72948761798116  155.08041010615526  182.30020864765834  228.82216733504313  140.65031005038912  62.685138688411264  116.22913375933258  82.58690984199332  705.4268801241262  420.2214605387873  142.10236750944486  75.89796631590882  127.71641665285522  168.30506441032043  

Topic: 22
59.47877531424038  213.3536850498117  297.9153195429542  178.57919381473178  206.2279139437635  64.74731153444353  55.8869892770139  252.17216205935628  102.79135533390122  178.26134834693212  185.15628874151454  88.96426544842257  209.83429415168249  69.60520524737265  29.461253699189086  104.7801409496469  197.0441478121032  182.35847905464337  313.0642833632567  73.86445221119416  119.55838743493088  1410.919518198147  200.83490739894899  105.29069848315383  78.46584557784455  230.91485425364368  238.32839639571387  53.612499383716326  39.945682023440156  160.35318369195755  48.23748112959169  99.76110574569594  40.195848422352086  154.49556851112578  63.71807579465006  122.62631307380452  86.38478251481258  83.04748412942014  82.07941287892567  229.33272986755026  

Topic: 23
73.77847207411784  140.209038833348  100.43140808090044  64.34259076790997  126.87781266239764  123.9346713537209  56.9008795063685  241.36742919200805  67.16824185428034  181.31688368693136  119.6134395518235  76.97577108810772  182.57478678763582  71.06678720058409  57.905595014662055  75.61133281348789  260.3192183801473  95.37187950150715  168.45915752409283  136.28996456190043  240.72921532238828  245.99551346807496  1439.8117910266842  114.75733381561099  155.24890517157104  262.66225791402684  154.4512066367678  104.67706628938541  108.21095534543166  140.26655776805518  110.66745401389339  120.69703020785201  61.7584105815822  130.22816264714976  171.2269576815239  162.37347924977078  125.216974091643  83.73786465104266  131.35566711349233  269.8679202621945  

Topic: 24
220.20494061473332  375.4415141833283  445.65103353392345  448.82315174173027  370.3950833221483  387.1924271320774  561.9233053061405  596.5611483357162  347.5732591224826  718.6927001655152  278.36100223264054  625.43389750433  312.5053009473915  638.0032969782437  465.8687103296815  318.2021032389408  590.5556563075849  367.41012797573165  413.760572683042  489.22165676384657  333.0573840323714  379.02903750134305  309.48005221537346  384.36428370845806  394.7845504740782  457.417226897152  422.6728321584881  625.341800385775  339.85266165470625  434.7185729105029  464.2972427732016  288.3621235147656  516.1656621170824  292.5736342584896  539.8253676206306  452.6385241441879  357.84347130627225  346.91797711676617  310.341631235482  582.2264748007067  

Topic: 25
105.72757171945656  259.94252750580495  135.2395303839715  53.13325538254796  152.49316363870318  100.1997642025721  133.08797755922396  161.7858752211944  94.0797877189726  250.0389688720119  280.65764504004466  124.12044727357456  277.4722703256382  219.51013332859094  101.80338084727393  148.95832756644722  222.44058836520918  89.20748151753064  62.59512484037917  61.24536913197419  90.59828761564265  88.95187544054806  141.4563901836259  138.20549127694707  1816.458014471336  132.2445910306783  212.15505076279183  87.847212123658  271.37851517689853  214.54063877905054  105.24429891077683  302.01935810242395  89.25139575325873  105.21070205609064  415.499246069278  185.45122663464292  139.79680828865463  85.42520117138237  175.46654784995144  132.69283949908902  

Topic: 26
159.75649955222192  97.71871635318587  115.35622347506924  76.11697264412851  120.36545055021983  333.8079429436843  69.4869960035828  425.2611967116695  216.70356798423836  537.1226868331674  231.07628300721004  98.82144106856927  182.65854944675544  83.0349683242112  149.21983008051077  103.8950234591914  348.96920948169833  512.5704684649921  233.6175895838319  150.7954536308114  97.60277354580393  302.02889405397366  270.3665581647677  149.88468512518386  147.75172845077518  2543.4259529504025  316.04298580987427  109.62768410824802  133.03914834497928  215.6854400523616  67.46857943561187  223.05614487868223  83.68714853215366  187.19219777913185  153.13787250468795  91.07573435416312  209.25107378672803  429.5837787536695  95.7797083249731  936.967848146419  

Topic: 27
80.8433547900737  104.92619893693971  94.96687041769368  245.8301035631489  241.72418709758438  121.87231069200756  103.54955835202647  182.66667843912947  210.02237019561846  264.36884174874984  81.88072272329062  148.93512064886517  114.27203785926474  103.81109738449751  292.8982218503618  92.29835790913616  161.67081091735855  81.64085906459171  121.00920237840593  221.95626260449208  100.48160194285933  194.16621888981928  90.10952213193642  78.81721422099133  137.224418616853  175.29201523092317  1149.1191998447405  104.83932883008463  60.13492058459113  108.85826535915734  129.62546287089486  80.51335210234105  182.69866760060506  99.32402568912431  98.01003882640966  59.1906194215697  72.46891709490295  123.33167529755009  169.0226241303586  188.00267788886342  

Topic: 28
49.678904790942106  97.5204030467309  62.730224437874334  165.8480288531979  133.13485575119148  374.56278775674383  434.79670142940637  209.2061700191673  53.81744972425112  515.9210844221715  53.995826591533266  416.7336586529273  87.75085506576988  90.02646898531313  73.31735475949573  148.68023314513502  207.69464502100902  57.119143094850735  177.42144179616284  82.90939607796604  64.76260408612671  45.48534666963982  53.5065039825606  144.0044380616555  52.68540323524085  95.07361032063626  146.06206553620132  2262.0485966778683  122.04020042880632  168.53331532051672  504.9825431947058  86.9441483287872  201.8521888793448  152.3672610467273  86.94972242074174  143.76031560197586  89.0953457499193  223.20385393138008  134.81510647806257  172.19651187529306  

Topic: 29
62.67972283211775  129.5888298776119  64.1590543941304  38.476694143011336  81.07909252080933  247.45160714919922  167.43153718694938  116.9461014202272  73.12614466057134  233.48043584789767  161.59589855043316  116.39073483119644  79.03383876695517  99.81410704069295  120.63578946051544  112.478021502716  219.8871811440899  82.19579526979346  122.05308479879639  45.8994461556908  129.06414828430442  39.61819877769478  97.7733787711907  131.2978406075115  308.159172886871  115.39962726869739  98.0851750456254  243.48166658327855  1473.604137107062  186.02681370919194  170.39225462644032  99.21177816263145  119.79590427733037  64.0069603625465  305.0541603193286  383.07851384311795  102.50312413489746  96.50256450896667  106.55048138339909  133.89104397921648  

Topic: 30
116.83809684857388  259.47994740727  227.61023852013093  227.23873879690132  251.25890286608586  119.72118943340082  270.10557352732553  142.50142259736262  200.21275988402152  332.72604908179477  197.92827963841603  291.8910662201897  172.97649378806523  299.26411265900975  229.79903866558283  285.1327350343938  198.8015805012379  215.17715890701146  291.64739503908834  197.1643802372467  190.1386480659735  198.56713113260105  120.41625226015069  169.7755643460104  256.3234455574415  197.394514995064  188.4628193758114  256.4007755046871  163.27992935304198  546.8824889580118  239.38826337774987  123.79997350629343  192.73307806619545  150.93906561209886  348.0791229950063  271.2186768655739  136.49108210032293  162.10771861921324  133.70662022428823  212.50095735773863  

Topic: 31
36.11690689580179  49.562560339146856  43.1396272560276  208.1062868411463  174.34809704789626  183.54820282465738  213.15981640843233  95.25921237753117  68.51367847862949  239.9158028080212  43.605499669095686  222.69184861950228  62.83943749159741  64.40471854701921  73.04477011972463  119.97664929301955  126.51189450576905  39.697765772869985  72.83027494461817  51.37843983548705  54.404568565658714  32.59547332895404  48.90141975842961  76.27266409713067  58.07162302729009  48.68533519095647  138.85080406492582  392.14602441538676  78.8388655329504  106.52586878222328  1053.1655967535785  54.3341381379025  168.01428803808273  66.82423899307713  61.75347635346334  107.28181803050556  46.302099562749106  87.22172716812067  107.79690506983229  84.07578798311881  

Topic: 32
62.15272898391943  79.26152567569731  69.79445309545373  70.11326423156667  56.3458483440379  80.63440689852504  86.67129101164888  85.93725897688387  95.65927241513543  166.73907874344462  165.8320429125772  65.60579172442998  154.6243474552781  170.70990464589582  115.24617861620357  64.53570866793693  135.22646419345665  47.76151726479966  61.02378603662896  120.51440685949592  37.17524595501762  74.72913435661202  69.14885657472908  64.28941855606011  194.61680472114196  153.0842840453475  97.52285061443372  83.83014916232663  69.68931290943374  80.37689270443151  51.25646661630888  1270.2972385242938  74.45730265172399  48.91041381529046  89.82329143397486  87.17136589947248  59.45439119893996  55.41028696600606  84.35894680888067  129.47278639960157  

Topic: 33
80.56232638993362  78.1172446772908  93.76743775580054  231.3660460094671  110.35507872032987  136.42744272418176  283.2296844023004  167.90593164335655  95.36911854258409  301.0447909188706  47.20685784777281  247.12654682625524  40.84831653202294  204.23792593251525  251.62712776955325  81.10920119706259  203.56289104078184  62.993797192761036  60.37845001260162  320.4447081334031  76.2331421997894  44.71013897430972  51.84407432726635  152.8168157455926  64.0475881203147  67.17361761636413  276.190715681918  275.9336792407692  105.12272709621423  151.5171237748748  230.73525959792994  88.13263758617398  1536.056756358821  62.00713647350067  155.49679232016544  163.909731476255  130.57398165412863  86.01707318348787  144.84288444725993  124.34154853292245  

Topic: 34
42.146028056366085  217.9459569305835  136.36328950861324  62.75874065807231  91.19644195577479  129.22196508233588  79.02077153356765  179.40236033182094  67.00700299838849  161.72313993785974  87.8930503408787  75.09439897245457  108.6065464917376  65.86285309088291  39.25548375977801  99.9028041485638  136.8884094990735  149.32782909176362  131.52034449913884  46.74421453425379  51.47437303086413  120.31913100020962  95.28586732133307  82.10052566071532  93.64597113056088  153.23997242701498  110.25045254575302  167.30767431338893  55.20902042736586  135.26937134246347  89.62125074981851  61.62864906357752  53.73272063021939  1359.8286859803657  72.93471651811626  78.98639351647985  99.9121070046588  110.15699576886088  63.98886195295052  145.20929227912976  

Topic: 35
69.28658623346938  128.215382688357  101.63695270321197  59.26871614766651  102.31269701605697  90.1491198055939  128.3459089987739  151.09721126330723  34.46821844888802  364.9976038195918  77.04311514136378  192.61097469785028  72.70647439460646  248.6966059801166  109.03126963798354  112.74722609697386  238.84870545044365  83.12135071811782  75.60006919767977  80.33398650546746  430.81544118054325  76.6096744293744  143.0281424220324  191.0874294411541  338.2731702479085  131.65558980623032  137.77084645109952  130.89555823288714  215.21010025772762  313.2115054036691  115.32908265150162  115.64521661175333  181.00601800058922  81.52204493970571  2546.3870242567414  381.01469988567743  226.3147393713831  105.85522588644855  98.2588761263494  198.7260330390001  

Topic: 36
112.38516023328799  134.69082178689416  156.97597973134964  68.60992220998529  300.821398414168  190.39927556596305  276.2936907713719  108.12193373516259  76.0985577215243  329.98533762359875  118.36507828955989  197.2923796693067  98.64812502376721  145.70307040279684  187.12470695892122  177.64747953807432  292.7522806633782  91.29634320748477  172.57206790037415  86.50607874715666  429.147420337848  160.5265828983926  166.8659967509938  226.0401834379378  255.5882334430822  100.6577699779438  102.43889738024893  342.5477937325165  510.4270124996105  347.34244871998663  258.2606706256601  143.9032044367821  245.89160573154282  90.61877668092824  639.7727720252557  2694.365768471098  142.4536589328594  115.73109710407884  123.81780639911264  153.46699526171187  

Topic: 37
81.00407910763525  144.5991560363685  151.43515931858155  52.31551083676688  57.49832621209135  98.34105813594495  106.74057861438224  196.22431235706733  96.99733742079037  205.40807539185965  68.49986153062427  114.5022870408121  72.45472598756149  243.64497982977957  95.19178049421639  75.87230089739289  206.23564419102235  88.44166627495477  145.58078111194476  83.91420742165387  116.72799419146601  91.65505163847342  109.20709920380911  119.18177906595439  102.4218691705618  158.7550769385769  95.83700600025686  104.75327211487445  84.54977510240853  136.3101772108992  73.03455365880959  69.83249290410961  152.25711010743035  110.45816675317502  202.68822787007733  112.55625952670998  1361.8223187242788  78.1604772566208  191.95928370689623  143.91177338811715  

Topic: 38
50.46428290712149  88.07026608335754  102.06909169915436  66.50830838546968  88.70795833800393  143.32478074083244  108.20871466531405  132.44287016992962  75.74815231713785  248.18136000846044  56.576703036137495  122.51461097281775  63.520236247815824  88.19518254624977  52.56470723569675  112.62557938370875  147.05793264004376  132.05679848217667  144.74102526116312  101.87743179283082  38.577204765714875  85.2444521750863  56.42527635899889  79.08064598901733  57.23292076048796  260.67032611310213  126.83285586167777  210.33866552176147  59.8995091653306  116.79989042534932  95.2823173085937  53.42922367068746  66.06952498609256  106.89675281195713  70.94950799488987  64.17137983861682  71.46511345456412  1304.524180527913  52.97856326757709  189.37388406312667  

Topic: 39
65.50503464105176  143.65722143954602  107.83780806945047  179.25485631622885  120.27871614582803  116.71167241923452  129.33304594474797  128.14477357425147  146.32569096868048  170.59476720741688  49.07717633614188  93.76326465986504  131.62252144389345  209.33822960265067  142.51636954388033  71.07332594048377  134.55529990656524  50.614534652071264  70.51343754238628  112.39340874336399  75.47066135549156  83.69003996695204  95.84502948696363  81.471320926453  126.03832168572451  75.47113702993191  191.51168262098946  155.74921743108513  69.94301018672897  94.74071713116477  120.94348700088192  98.63852653349794  136.06977595996352  71.3714371383082  75.27135386524975  73.242369223792  187.2290569823729  62.946850732625386  692.8544248290906  88.78427700185506  

Topic: 40
118.86440234072634  110.55011828902524  236.45165283537102  203.94181062134913  163.03410243880487  400.8269974605292  156.73157295466075  764.2749493487939  169.59447872666811  600.7717124012713  128.55065195037542  259.8721524941052  132.17926768090405  209.14936083641518  163.74396357581978  141.49752598351247  569.6553113472984  225.96850719767798  193.83470463507808  381.5675596518229  173.7123609555362  314.580922186915  293.1148485305408  172.45697876606334  130.79174471358675  783.2672284523487  320.4352994792342  247.3348169704869  139.9891834743943  200.8930446723996  164.93731814128864  170.2355774993096  183.45619633566508  186.01679990648037  220.82661210618846  144.1832350762435  180.85449584796837  281.25157825114627  125.49025165649515  1924.6149216026154  

