1.577656457943886E-7
1.7059212106222504E-7
5.784740345794248E-7
1.896374934296186E-7
1.4834680126935046E-7
3.527815135124523E-7
1.0439219348583922E-7
1.577656457943886E-7
1.3974919858947383E-7
1.7226120726694992E-7
2.6636313639540404E-7
1.6145607025741525E-7
1.9856161076748302E-7
5.404934161474425E-7
1.733897797981807E-7
1.628651414160254E-7
1.450169067402966E-7
1.2716867206456778E-7
1.2270661339563558E-7
1.9905739506403104E-7
4.04477355267095E-7
2.3819519070917492E-7
2.3819519070917492E-7
1.0936893802654475E-7
1.124810622793326E-7
2.2155360751989755E-7
2.6995454947039825E-7
1.917290834306806E-7
4.104324654957465E-7
1.437420328348874E-7
2.948621605477213E-7
1.7059212106222504E-7
2.1841777184423131E-7
4.432463381842346E-7
1.0936893802654475E-7
3.441120245225432E-7
1.390674951817203E-7
1.6468519166256352E-7
1.390674951817203E-7
1.3572095118002114E-7
