1.7993109546572972
1.9455963981253697
6.597473500410089
2.1628081172143263
1.691889405125518
4.023459218053123
1.1905888406438832
1.7993109546572972
1.5938340863785312
1.9646322603202533
3.037861042686981
1.8414000997954796
2.264587322730295
6.164306048362963
1.9775035854325367
1.8574705006664218
1.653912089634485
1.4503536786025486
1.3994640758445644
2.2702417230367375
4.613048250006156
2.7166067354629777
2.7166067354629777
1.2473484154266767
1.282842069524184
2.5268101369415743
3.0788209668580415
2.186662618507132
4.680966046790439
1.6393722031322042
3.362891286730968
1.9455963981253697
2.4910460550033244
5.055206967846691
1.2473484154266767
3.924584038781495
1.586059285957173
1.8782281017913887
1.586059285957173
1.5478920838886845
Total Percentage = 100.00000000000003