0.046745329786294164
0.07147807478231846
0.06665914066104507
0.05216601713965976
0.06067792949768821
0.0653368541950937
0.07229284669526549
0.07854401240809275
0.06580313932599711
0.10119663489383424
0.0635993285494115
0.07415013399562183
0.059531358902119386
0.07031776104604934
0.07467041003641932
0.06627138776271486
0.08151449410517429
0.05426479105517871
0.06959133789474717
0.05699869440163347
0.06082026916922714
0.06302211663999843
0.059998625685929965
0.09084412333487125
0.06898467639811916
0.07327548125533774
0.07446524457882182
0.07950505060420736
0.06234772109277602
0.08482953597267079
0.06209641794854175
0.05082409761556509
0.06703904033611796
0.05315552327008216
0.07689876213568407
0.08204262336922911
0.06107648057799723
0.054189203781327
0.05758179622848953
0.08172653113312195
